1 10.000000 -0.000000 0.000000
2 0.000000 10.000000 0.000000
3 0.000000 40.000000 0.000000
4 40.000000 40.000000 0.000000
5 40.000000 0.000000 0.000000
6 9.238795 3.826834 0.000000
7 7.071068 7.071068 0.000000
8 3.826834 9.238795 0.000000
9 0.000000 36.250000 0.000000
10 0.000000 32.500000 0.000000
11 0.000000 28.750000 0.000000
12 0.000000 25.000000 0.000000
13 0.000000 21.250000 0.000000
14 0.000000 17.500000 0.000000
15 0.000000 13.750000 0.000000
16 36.000000 40.000000 0.000000
17 32.000000 40.000000 0.000000
18 28.000000 40.000000 0.000000
19 24.000000 40.000000 0.000000
20 20.000000 40.000000 0.000000
21 16.000000 40.000000 0.000000
22 12.000000 40.000000 0.000000
23 8.000000 40.000000 0.000000
24 4.000000 40.000000 0.000000
25 40.000000 4.000000 0.000000
26 40.000000 8.000000 0.000000
27 40.000000 12.000000 0.000000
28 40.000000 16.000000 0.000000
29 40.000000 20.000000 0.000000
30 40.000000 24.000000 0.000000
31 40.000000 28.000000 0.000000
32 40.000000 32.000000 0.000000
33 40.000000 36.000000 0.000000
34 13.750000 0.000000 0.000000
35 17.500000 0.000000 0.000000
36 21.250000 0.000000 0.000000
37 25.000000 0.000000 0.000000
38 28.750000 0.000000 0.000000
39 32.500000 0.000000 0.000000
40 36.250000 0.000000 0.000000
41 15.927885 36.119737 0.000000
42 36.053179 19.941097 0.000000
43 25.072132 3.740979 0.000000
44 23.997269 36.050312 0.000000
45 13.451890 7.082152 0.000000
46 3.887704 32.429832 0.000000
47 3.776139 24.855244 0.000000
48 7.173221 11.502988 0.000000
49 36.014303 27.999419 0.000000
50 36.171841 7.891993 0.000000
51 32.452247 3.877961 0.000000
52 7.911352 36.171490 0.000000
53 36.131844 11.880367 0.000000
54 28.006406 36.024765 0.000000
55 32.005610 36.010293 0.000000
56 36.002808 36.003540 0.000000
57 21.498893 3.762281 0.000000
58 3.727548 20.916690 0.000000
59 3.947616 36.210321 0.000000
60 36.215955 3.939888 0.000000
61 12.947563 3.663213 0.000000
62 3.654133 12.791867 0.000000
63 25.090993 7.497966 0.000000
64 7.503629 24.726747 0.000000
65 23.994814 32.112845 0.000000
66 7.803465 32.377591 0.000000
67 32.393785 7.787685 0.000000
68 11.196526 10.169615 0.000000
69 15.827900 8.421360 0.000000
70 7.312453 16.221285 0.000000
71 17.535038 4.614881 0.000000
72 11.903785 36.151169 0.000000
73 3.670490 16.844757 0.000000
74 36.092613 15.898957 0.000000
75 19.963381 36.090739 0.000000
76 36.030733 23.976409 0.000000
77 28.017356 32.049127 0.000000
78 32.015125 32.017017 0.000000
79 36.007789 32.004776 0.000000
80 3.828644 28.658371 0.000000
81 28.736140 3.818625 0.000000
82 32.224572 15.777051 0.000000
83 24.031386 28.150201 0.000000
84 32.073246 23.947054 0.000000
85 14.837314 12.351878 0.000000
86 21.771773 7.328601 0.000000
87 7.362141 20.636336 0.000000
88 11.769444 32.336317 0.000000
89 32.320240 11.751452 0.000000
90 19.911470 32.203696 0.000000
91 28.051385 28.033407 0.000000
92 32.037501 27.999116 0.000000
93 7.663163 28.584937 0.000000
94 28.686534 7.668189 0.000000
95 14.128574 16.619262 0.000000
96 19.864593 28.329897 0.000000
97 24.985927 11.329242 0.000000
98 11.156691 24.658258 0.000000
99 15.812109 32.282683 0.000000
100 32.143854 19.857884 0.000000
101 28.134729 23.930474 0.000000
102 28.588378 11.589909 0.000000
103 11.543967 28.522973 0.000000
104 18.721639 9.929436 0.000000
105 10.813153 16.042401 0.000000
106 15.616767 28.457111 0.000000
107 14.172171 20.743848 0.000000
108 28.271543 19.761026 0.000000
109 24.760474 15.336067 0.000000
110 20.119278 24.579242 0.000000
111 24.190930 23.987973 0.000000
112 18.025290 13.728417 0.000000
113 28.450906 15.620973 0.000000
114 21.703221 10.869031 0.000000
115 10.889708 20.552867 0.000000
116 19.439205 7.374793 0.000000
117 20.824466 18.984444 0.000000
118 15.077389 24.610709 0.000000
119 24.486584 19.595100 0.000000
120 21.322512 14.722870 0.000000
121 17.474379 17.749028 0.000000
122 17.008979 20.733552 0.000000
